 Jan 22, 2020 0
 Jan 23, 2020 0
 Jan 24, 2020 0
 Jan 25, 2020 0
 Jan 26, 2020 0
 Jan 27, 2020 0
 Jan 28, 2020 0
 Jan 29, 2020 0
 Jan 30, 2020 0
 Jan 31, 2020 0
 Feb 01, 2020 0
 Feb 02, 2020 0
 Feb 03, 2020 0
 Feb 04, 2020 0
 Feb 05, 2020 0
 Feb 06, 2020 0
 Feb 07, 2020 0
 Feb 08, 2020 0
 Feb 09, 2020 0
 Feb 10, 2020 0
 Feb 11, 2020 0
 Feb 12, 2020 0
 Feb 13, 2020 0
 Feb 14, 2020 0
 Feb 15, 2020 0
 Feb 16, 2020 0
 Feb 17, 2020 0
 Feb 18, 2020 0
 Feb 19, 2020 0
 Feb 20, 2020 0
 Feb 21, 2020 0
 Feb 22, 2020 0
 Feb 23, 2020 0
 Feb 24, 2020 0
 Feb 25, 2020 0
 Feb 26, 2020 0
 Feb 27, 2020 0
 Feb 28, 2020 0
 Feb 29, 2020 0
 Mar 01, 2020 0
 Mar 02, 2020 0
 Mar 03, 2020 0
 Mar 04, 2020 0
 Mar 05, 2020 2
 Mar 06, 2020 0
 Mar 07, 2020 1
 Mar 08, 2020 0
 Mar 09, 2020 0
 Mar 10, 2020 2
 Mar 11, 2020 2
 Mar 12, 2020 4
 Mar 13, 2020 2
 Mar 14, 2020 5
 Mar 15, 2020 6
 Mar 16, 2020 1
 Mar 17, 2020 1
 Mar 18, 2020 12
 Mar 19, 2020 25
 Mar 20, 2020 26
 Mar 21, 2020 4
 Mar 22, 2020 33
 Mar 23, 2020 10
 Mar 24, 2020 30
 Mar 25, 2020 10
 Mar 26, 2020 15
 Mar 27, 2020 46
 Mar 28, 2020 21
 Mar 29, 2020 65
 Mar 30, 2020 45
 Mar 31, 2020 52
 Apr 01, 2020 39
 Apr 02, 2020 74
 Apr 03, 2020 46
 Apr 04, 2020 45
 Apr 05, 2020 30
 Apr 06, 2020 20
 Apr 07, 2020 90
 Apr 08, 2020 40
 Apr 09, 2020 54
 Apr 10, 2020 43
 Apr 11, 2020 45
 Apr 12, 2020 63
 Apr 13, 2020 28
 Apr 14, 2020 46
 Apr 15, 2020 27
 Apr 16, 2020 57
 Apr 17, 2020 47
 Apr 18, 2020 54
 Apr 19, 2020 17
 Apr 20, 2020 24
 Apr 21, 2020 33
 Apr 22, 2020 26
 Apr 23, 2020 45
 Apr 24, 2020 8
 Apr 25, 2020 65
 Apr 26, 2020 30
 Apr 27, 2020 49
 Apr 28, 2020 20
 Apr 29, 2020 92
 Apr 30, 2020 80
 May 01, 2020 24
 May 02, 2020 58
 May 03, 2020 18
 May 04, 2020 69
 May 05, 2020 20
 May 06, 2020 41
 May 07, 2020 40
 May 08, 2020 43
 May 09, 2020 20
 May 10, 2020 27
 May 11, 2020 24
 May 12, 2020 17
 May 13, 2020 23
 May 14, 2020 37
 May 15, 2020 18
 May 16, 2020 31
 May 17, 2020 23
