 Jan 22, 2020 0
 Jan 23, 2020 0
 Jan 24, 2020 0
 Jan 25, 2020 0
 Jan 26, 2020 0
 Jan 27, 2020 1
 Jan 28, 2020 3
 Jan 29, 2020 0
 Jan 30, 2020 0
 Jan 31, 2020 1
 Feb 01, 2020 3
 Feb 02, 2020 2
 Feb 03, 2020 2
 Feb 04, 2020 0
 Feb 05, 2020 0
 Feb 06, 2020 0
 Feb 07, 2020 1
 Feb 08, 2020 0
 Feb 09, 2020 1
 Feb 10, 2020 0
 Feb 11, 2020 2
 Feb 12, 2020 0
 Feb 13, 2020 0
 Feb 14, 2020 0
 Feb 15, 2020 0
 Feb 16, 2020 0
 Feb 17, 2020 0
 Feb 18, 2020 0
 Feb 19, 2020 0
 Feb 20, 2020 0
 Feb 21, 2020 0
 Feb 22, 2020 0
 Feb 23, 2020 0
 Feb 24, 2020 0
 Feb 25, 2020 1
 Feb 26, 2020 10
 Feb 27, 2020 19
 Feb 28, 2020 2
 Feb 29, 2020 31
 Mar 01, 2020 51
 Mar 02, 2020 29
 Mar 03, 2020 37
 Mar 04, 2020 66
 Mar 05, 2020 220
 Mar 06, 2020 188
 Mar 07, 2020 129
 Mar 08, 2020 241
 Mar 09, 2020 136
 Mar 10, 2020 281
 Mar 11, 2020 451
 Mar 12, 2020 170
 Mar 13, 2020 1,597
 Mar 14, 2020 910
 Mar 15, 2020 1,210
 Mar 16, 2020 1,477
 Mar 17, 2020 1,985
 Mar 18, 2020 3,070
 Mar 19, 2020 2,993
 Mar 20, 2020 4,528
 Mar 21, 2020 2,365
 Mar 22, 2020 2,660
 Mar 23, 2020 4,183
 Mar 24, 2020 3,930
 Mar 25, 2020 4,337
 Mar 26, 2020 6,615
 Mar 27, 2020 6,933
 Mar 28, 2020 6,824
 Mar 29, 2020 4,400
 Mar 30, 2020 4,790
 Mar 31, 2020 4,923
 Apr 01, 2020 6,064
 Apr 02, 2020 6,922
 Apr 03, 2020 6,365
 Apr 04, 2020 4,933
 Apr 05, 2020 4,031
 Apr 06, 2020 3,251
 Apr 07, 2020 4,289
 Apr 08, 2020 5,633
 Apr 09, 2020 4,885
 Apr 10, 2020 3,990
 Apr 11, 2020 2,737
 Apr 12, 2020 2,946
 Apr 13, 2020 2,218
 Apr 14, 2020 1,287
 Apr 15, 2020 3,394
 Apr 16, 2020 2,945
 Apr 17, 2020 3,699
 Apr 18, 2020 1,945
 Apr 19, 2020 1,842
 Apr 20, 2020 1,881
 Apr 21, 2020 1,226
 Apr 22, 2020 2,357
 Apr 23, 2020 2,481
 Apr 24, 2020 1,870
 Apr 25, 2020 1,514
 Apr 26, 2020 1,257
 Apr 27, 2020 988
 Apr 28, 2020 1,154
 Apr 29, 2020 1,627
 Apr 30, 2020 1,470
 May 01, 2020 1,068
 May 02, 2020 890
 May 03, 2020 697
 May 04, 2020 488
 May 05, 2020 855
 May 06, 2020 1,155
 May 07, 2020 1,268
 May 08, 2020 1,158
 May 09, 2020 736
 May 10, 2020 555
 May 11, 2020 697
 May 12, 2020 595
 May 13, 2020 927
 May 14, 2020 380
 May 15, 2020 755
 May 16, 2020 519
 May 17, 2020 617
