 Jan 22, 2020 0
 Jan 23, 2020 0
 Jan 24, 2020 0
 Jan 25, 2020 0
 Jan 26, 2020 0
 Jan 27, 2020 0
 Jan 28, 2020 0
 Jan 29, 2020 0
 Jan 30, 2020 0
 Jan 31, 2020 0
 Feb 01, 2020 1
 Feb 02, 2020 0
 Feb 03, 2020 0
 Feb 04, 2020 0
 Feb 05, 2020 0
 Feb 06, 2020 0
 Feb 07, 2020 0
 Feb 08, 2020 0
 Feb 09, 2020 1
 Feb 10, 2020 0
 Feb 11, 2020 0
 Feb 12, 2020 0
 Feb 13, 2020 0
 Feb 14, 2020 0
 Feb 15, 2020 0
 Feb 16, 2020 0
 Feb 17, 2020 0
 Feb 18, 2020 0
 Feb 19, 2020 0
 Feb 20, 2020 0
 Feb 21, 2020 0
 Feb 22, 2020 0
 Feb 23, 2020 0
 Feb 24, 2020 0
 Feb 25, 2020 4
 Feb 26, 2020 7
 Feb 27, 2020 2
 Feb 28, 2020 17
 Feb 29, 2020 13
 Mar 01, 2020 39
 Mar 02, 2020 36
 Mar 03, 2020 45
 Mar 04, 2020 57
 Mar 05, 2020 37
 Mar 06, 2020 141
 Mar 07, 2020 100
 Mar 08, 2020 173
 Mar 09, 2020 400
 Mar 10, 2020 622
 Mar 11, 2020 582
 Mar 12, 2020 0
 Mar 13, 2020 2,955
 Mar 14, 2020 1,159
 Mar 15, 2020 1,407
 Mar 16, 2020 2,144
 Mar 17, 2020 1,806
 Mar 18, 2020 2,162
 Mar 19, 2020 4,053
 Mar 20, 2020 2,447
 Mar 21, 2020 4,964
 Mar 22, 2020 3,394
 Mar 23, 2020 6,368
 Mar 24, 2020 4,749
 Mar 25, 2020 9,630
 Mar 26, 2020 8,271
 Mar 27, 2020 7,933
 Mar 28, 2020 7,516
 Mar 29, 2020 6,875
 Mar 30, 2020 7,846
 Mar 31, 2020 7,967
 Apr 01, 2020 8,195
 Apr 02, 2020 7,947
 Apr 03, 2020 7,134
 Apr 04, 2020 6,969
 Apr 05, 2020 5,478
 Apr 06, 2020 5,029
 Apr 07, 2020 5,267
 Apr 08, 2020 6,278
 Apr 09, 2020 5,002
 Apr 10, 2020 5,051
 Apr 11, 2020 4,754
 Apr 12, 2020 3,804
 Apr 13, 2020 3,268
 Apr 14, 2020 2,442
 Apr 15, 2020 5,103
 Apr 16, 2020 7,304
 Apr 17, 2020 5,891
 Apr 18, 2020 887
 Apr 19, 2020 6,948
 Apr 20, 2020 1,536
 Apr 21, 2020 3,968
 Apr 22, 2020 4,211
 Apr 23, 2020 4,635
 Apr 25, 2020 2,915
 Apr 26, 2020 1,729
 Apr 27, 2020 1,831
 Apr 28, 2020 1,308
 Apr 29, 2020 2,144
 Apr 30, 2020 518
 May 01, 2020 1,781
 May 02, 2020 1,366
 May 03, 2020 884
 May 04, 2020 545
 May 05, 2020 1,318
 May 06, 2020 996
 May 07, 2020 1,122
 May 08, 2020 1,410
 May 09, 2020 721
 May 10, 2020 772
 May 11, 2020 3,086
 May 12, 2020 594
 May 13, 2020 661
 May 14, 2020 849
 May 15, 2020 643
 May 16, 2020 515
 May 17, 2020 0
