 Jan 22, 2020 0
 Jan 23, 2020 0
 Jan 24, 2020 0
 Jan 25, 2020 0
 Jan 26, 2020 0
 Jan 27, 2020 0
 Jan 28, 2020 0
 Jan 29, 2020 1
 Jan 30, 2020 0
 Jan 31, 2020 0
 Feb 01, 2020 0
 Feb 02, 2020 0
 Feb 03, 2020 0
 Feb 04, 2020 0
 Feb 05, 2020 0
 Feb 06, 2020 0
 Feb 07, 2020 0
 Feb 08, 2020 0
 Feb 09, 2020 0
 Feb 10, 2020 0
 Feb 11, 2020 0
 Feb 12, 2020 0
 Feb 13, 2020 0
 Feb 14, 2020 0
 Feb 15, 2020 0
 Feb 16, 2020 0
 Feb 17, 2020 0
 Feb 18, 2020 0
 Feb 19, 2020 0
 Feb 20, 2020 0
 Feb 21, 2020 0
 Feb 22, 2020 0
 Feb 23, 2020 0
 Feb 24, 2020 0
 Feb 25, 2020 0
 Feb 26, 2020 1
 Feb 27, 2020 0
 Feb 28, 2020 0
 Feb 29, 2020 1
 Mar 01, 2020 3
 Mar 02, 2020 0
 Mar 03, 2020 0
 Mar 04, 2020 0
 Mar 05, 2020 6
 Mar 06, 2020 3
 Mar 07, 2020 0
 Mar 08, 2020 8
 Mar 09, 2020 7
 Mar 10, 2020 10
 Mar 11, 2020 19
 Mar 12, 2020 0
 Mar 13, 2020 96
 Mar 14, 2020 70
 Mar 15, 2020 19
 Mar 16, 2020 33
 Mar 17, 2020 44
 Mar 18, 2020 15
 Mar 19, 2020 64
 Mar 20, 2020 50
 Mar 21, 2020 73
 Mar 22, 2020 103
 Mar 23, 2020 74
 Mar 24, 2020 92
 Mar 25, 2020 88
 Mar 26, 2020 78
 Mar 27, 2020 83
 Mar 28, 2020 126
 Mar 29, 2020 73
 Mar 30, 2020 112
 Mar 31, 2020 66
 Apr 01, 2020 28
 Apr 02, 2020 72
 Apr 03, 2020 97
 Apr 04, 2020 267
 Apr 05, 2020 45
 Apr 06, 2020 249
 Apr 07, 2020 132
 Apr 08, 2020 179
 Apr 09, 2020 118
 Apr 10, 2020 164
 Apr 11, 2020 136
 Apr 12, 2020 69
 Apr 13, 2020 90
 Apr 14, 2020 97
 Apr 15, 2020 76
 Apr 16, 2020 132
 Apr 17, 2020 120
 Apr 18, 2020 192
 Apr 19, 2020 102
 Apr 20, 2020 85
 Apr 21, 2020 146
 Apr 22, 2020 115
 Apr 23, 2020 155
 Apr 24, 2020 111
 Apr 25, 2020 80
 Apr 26, 2020 101
 Apr 27, 2020 119
 Apr 28, 2020 45
 Apr 29, 2020 166
 Apr 30, 2020 89
 May 01, 2020 56
 May 02, 2020 125
 May 03, 2020 78
 May 04, 2020 73
 May 05, 2020 85
 May 06, 2020 161
 May 07, 2020 100
 May 08, 2020 65
 May 09, 2020 142
 May 10, 2020 82
 May 11, 2020 22
 May 12, 2020 19
 May 13, 2020 51
 May 14, 2020 91
 May 15, 2020 83
 May 16, 2020 58
 May 17, 2020 61
