 Jan 22, 2020 0
 Jan 23, 2020 0
 Jan 24, 2020 2
 Jan 25, 2020 1
 Jan 26, 2020 0
 Jan 27, 2020 0
 Jan 28, 2020 1
 Jan 29, 2020 1
 Jan 30, 2020 0
 Jan 31, 2020 0
 Feb 01, 2020 1
 Feb 02, 2020 0
 Feb 03, 2020 0
 Feb 04, 2020 0
 Feb 05, 2020 0
 Feb 06, 2020 0
 Feb 07, 2020 0
 Feb 08, 2020 5
 Feb 09, 2020 0
 Feb 10, 2020 0
 Feb 11, 2020 0
 Feb 12, 2020 0
 Feb 13, 2020 0
 Feb 14, 2020 0
 Feb 15, 2020 1
 Feb 16, 2020 0
 Feb 17, 2020 0
 Feb 18, 2020 0
 Feb 19, 2020 0
 Feb 20, 2020 0
 Feb 21, 2020 0
 Feb 22, 2020 0
 Feb 23, 2020 0
 Feb 24, 2020 0
 Feb 25, 2020 2
 Feb 26, 2020 4
 Feb 27, 2020 20
 Feb 28, 2020 19
 Feb 29, 2020 43
 Mar 01, 2020 30
 Mar 02, 2020 61
 Mar 03, 2020 13
 Mar 04, 2020 84
 Mar 05, 2020 92
 Mar 06, 2020 276
 Mar 07, 2020 303
 Mar 08, 2020 177
 Mar 09, 2020 83
 Mar 10, 2020 575
 Mar 11, 2020 499
 Mar 12, 2020 0
 Mar 13, 2020 1,388
 Mar 14, 2020 815
 Mar 15, 2020 36
 Mar 16, 2020 2,151
 Mar 17, 2020 1,032
 Mar 18, 2020 1,409
 Mar 19, 2020 1,846
 Mar 20, 2020 1,788
 Mar 21, 2020 1,705
 Mar 22, 2020 1,780
 Mar 23, 2020 3,880
 Mar 24, 2020 2,499
 Mar 25, 2020 2,978
 Mar 26, 2020 3,951
 Mar 27, 2020 3,851
 Mar 28, 2020 4,703
 Mar 29, 2020 2,603
 Mar 30, 2020 4,462
 Mar 31, 2020 7,657
 Apr 01, 2020 4,922
 Apr 02, 2020 2,180
 Apr 03, 2020 5,273
 Apr 04, 2020 4,298
 Apr 05, 2020 1,912
 Apr 06, 2020 3,931
 Apr 07, 2020 3,820
 Apr 08, 2020 3,894
 Apr 09, 2020 4,309
 Apr 10, 2020 4,372
 Apr 11, 2020 3,125
 Apr 12, 2020 26,849
 Apr 13, 2020 3,682
 Apr 14, 2020 4,971
 Apr 15, 2020 3,220
 Apr 16, 2020 12,490
 Apr 17, 2020 2,009
 Apr 18, 2020 2
 Apr 19, 2020 4,925
 Apr 20, 2020 2,382
 Apr 21, 2020 2,775
 Apr 23, 2020 2,323
 Apr 24, 2020 1,649
 Apr 25, 2020 1,692
 Apr 26, 2020 576
 Apr 27, 2020 3,743
 Apr 28, 2020 3,090
 Apr 30, 2020 756
 May 01, 2020 6
 May 02, 2020 1,213
 May 03, 2020 407
 May 04, 2020 658
 May 05, 2020 1,104
 May 06, 2020 3,537
 May 07, 2020 694
 May 08, 2020 1,284
 May 09, 2020 580
 May 10, 2020 312
 May 11, 2020 453
 May 12, 2020 802
 May 14, 2020 810
 May 15, 2020 636
 May 16, 2020 0
 May 17, 2020 63
