 Jan 22, 2020 0
 Jan 23, 2020 0
 Jan 24, 2020 0
 Jan 25, 2020 0
 Jan 26, 2020 0
 Jan 27, 2020 0
 Jan 28, 2020 0
 Jan 29, 2020 0
 Jan 30, 2020 0
 Jan 31, 2020 0
 Feb 01, 2020 0
 Feb 02, 2020 0
 Feb 03, 2020 0
 Feb 04, 2020 0
 Feb 05, 2020 0
 Feb 06, 2020 0
 Feb 07, 2020 0
 Feb 08, 2020 0
 Feb 09, 2020 0
 Feb 10, 2020 0
 Feb 11, 2020 0
 Feb 12, 2020 0
 Feb 13, 2020 0
 Feb 14, 2020 0
 Feb 15, 2020 0
 Feb 16, 2020 0
 Feb 17, 2020 0
 Feb 18, 2020 0
 Feb 19, 2020 0
 Feb 20, 2020 0
 Feb 21, 2020 0
 Feb 22, 2020 0
 Feb 23, 2020 0
 Feb 24, 2020 0
 Feb 25, 2020 0
 Feb 26, 2020 0
 Feb 27, 2020 0
 Feb 28, 2020 0
 Feb 29, 2020 1
 Mar 01, 2020 0
 Mar 02, 2020 0
 Mar 03, 2020 1
 Mar 04, 2020 4
 Mar 05, 2020 0
 Mar 06, 2020 12
 Mar 07, 2020 0
 Mar 08, 2020 1
 Mar 09, 2020 2
 Mar 10, 2020 13
 Mar 11, 2020 9
 Mar 12, 2020 0
 Mar 13, 2020 47
 Mar 14, 2020 39
 Mar 15, 2020 0
 Mar 16, 2020 40
 Mar 17, 2020 54
 Mar 18, 2020 69
 Mar 19, 2020 265
 Mar 20, 2020 126
 Mar 21, 2020 102
 Mar 22, 2020 121
 Mar 23, 2020 219
 Mar 24, 2020 204
 Mar 25, 2020 235
 Mar 26, 2020 255
 Mar 27, 2020 302
 Mar 28, 2020 294
 Mar 29, 2020 200
 Mar 30, 2020 295
 Mar 31, 2020 325
 Apr 01, 2020 212
 Apr 02, 2020 402
 Apr 03, 2020 424
 Apr 04, 2020 331
 Apr 05, 2020 390
 Apr 06, 2020 370
 Apr 07, 2020 345
 Apr 08, 2020 365
 Apr 09, 2020 500
 Apr 10, 2020 1,515
 Apr 11, 2020 839
 Apr 12, 2020 727
 Apr 13, 2020 992
 Apr 14, 2020 832
 Apr 15, 2020 1,068
 Apr 16, 2020 724
 Apr 17, 2020 709
 Apr 18, 2020 778
 Apr 19, 2020 493
 Apr 20, 2020 401
 Apr 21, 2020 388
 Apr 22, 2020 631
 Apr 23, 2020 936
 Apr 24, 2020 577
 Apr 25, 2020 377
 Apr 26, 2020 701
 Apr 27, 2020 386
 Apr 28, 2020 229
 Apr 29, 2020 376
 Apr 30, 2020 359
 May 01, 2020 221
 May 02, 2020 343
 May 03, 2020 330
 May 04, 2020 266
 May 05, 2020 211
 May 06, 2020 265
 May 07, 2020 137
 May 08, 2020 156
 May 09, 2020 219
 May 10, 2020 236
 May 11, 2020 139
 May 12, 2020 107
 May 13, 2020 159
 May 14, 2020 426
 May 15, 2020 129
 May 16, 2020 92
 May 17, 2020 64
