 Jan 22, 2020 0
 Jan 23, 2020 0
 Jan 24, 2020 0
 Jan 25, 2020 0
 Jan 26, 2020 0
 Jan 27, 2020 0
 Jan 28, 2020 0
 Jan 29, 2020 0
 Jan 30, 2020 0
 Jan 31, 2020 0
 Feb 01, 2020 0
 Feb 02, 2020 0
 Feb 03, 2020 0
 Feb 04, 2020 0
 Feb 05, 2020 0
 Feb 06, 2020 0
 Feb 07, 2020 0
 Feb 08, 2020 0
 Feb 09, 2020 0
 Feb 10, 2020 0
 Feb 11, 2020 0
 Feb 12, 2020 0
 Feb 13, 2020 0
 Feb 14, 2020 0
 Feb 15, 2020 0
 Feb 16, 2020 0
 Feb 17, 2020 0
 Feb 18, 2020 0
 Feb 19, 2020 0
 Feb 20, 2020 0
 Feb 21, 2020 0
 Feb 22, 2020 0
 Feb 23, 2020 0
 Feb 24, 2020 0
 Feb 25, 2020 0
 Feb 26, 2020 0
 Feb 27, 2020 0
 Feb 28, 2020 0
 Feb 29, 2020 0
 Mar 01, 2020 0
 Mar 02, 2020 0
 Mar 03, 2020 0
 Mar 04, 2020 1
 Mar 05, 2020 0
 Mar 06, 2020 4
 Mar 07, 2020 0
 Mar 08, 2020 6
 Mar 09, 2020 5
 Mar 10, 2020 6
 Mar 11, 2020 9
 Mar 12, 2020 18
 Mar 13, 2020 19
 Mar 14, 2020 35
 Mar 15, 2020 16
 Mar 16, 2020 58
 Mar 17, 2020 61
 Mar 18, 2020 13
 Mar 19, 2020 104
 Mar 20, 2020 70
 Mar 21, 2020 111
 Mar 22, 2020 98
 Mar 23, 2020 115
 Mar 24, 2020 152
 Mar 25, 2020 150
 Mar 26, 2020 170
 Mar 27, 2020 168
 Mar 28, 2020 249
 Mar 29, 2020 224
 Mar 30, 2020 193
 Mar 31, 2020 256
 Apr 01, 2020 243
 Apr 02, 2020 392
 Apr 03, 2020 437
 Apr 04, 2020 244
 Apr 05, 2020 475
 Apr 06, 2020 311
 Apr 07, 2020 435
 Apr 08, 2020 357
 Apr 09, 2020 370
 Apr 10, 2020 380
 Apr 11, 2020 401
 Apr 12, 2020 318
 Apr 13, 2020 260
 Apr 14, 2020 268
 Apr 15, 2020 380
 Apr 16, 2020 336
 Apr 17, 2020 461
 Apr 18, 2020 363
 Apr 19, 2020 545
 Apr 20, 2020 306
 Apr 21, 2020 263
 Apr 22, 2020 313
 Apr 23, 2020 342
 Apr 24, 2020 381
 Apr 25, 2020 381
 Apr 26, 2020 344
 Apr 27, 2020 285
 Apr 28, 2020 316
 Apr 29, 2020 422
 Apr 30, 2020 237
 May 01, 2020 228
 May 02, 2020 270
 May 03, 2020 318
 May 04, 2020 313
 May 05, 2020 425
 May 06, 2020 309
 May 07, 2020 307
 May 08, 2020 319
 May 09, 2020 285
 May 10, 2020 345
 May 11, 2020 330
 May 12, 2020 595
 May 13, 2020 283
 May 14, 2020 411
 May 15, 2020 401
 May 16, 2020 241
 May 17, 2020 272
