 Jan 22, 2020 0
 Jan 23, 2020 0
 Jan 24, 2020 0
 Jan 25, 2020 0
 Jan 26, 2020 0
 Jan 27, 2020 0
 Jan 28, 2020 0
 Jan 29, 2020 0
 Jan 30, 2020 0
 Jan 31, 2020 0
 Feb 01, 2020 0
 Feb 02, 2020 0
 Feb 03, 2020 0
 Feb 04, 2020 0
 Feb 05, 2020 0
 Feb 06, 2020 0
 Feb 07, 2020 0
 Feb 08, 2020 0
 Feb 09, 2020 0
 Feb 10, 2020 0
 Feb 11, 2020 0
 Feb 12, 2020 0
 Feb 13, 2020 0
 Feb 14, 2020 0
 Feb 15, 2020 0
 Feb 16, 2020 0
 Feb 17, 2020 0
 Feb 18, 2020 0
 Feb 19, 2020 0
 Feb 20, 2020 0
 Feb 21, 2020 0
 Feb 22, 2020 0
 Feb 23, 2020 0
 Feb 24, 2020 0
 Feb 25, 2020 0
 Feb 26, 2020 0
 Feb 27, 2020 0
 Feb 28, 2020 0
 Feb 29, 2020 0
 Mar 01, 2020 0
 Mar 02, 2020 0
 Mar 03, 2020 0
 Mar 04, 2020 0
 Mar 05, 2020 0
 Mar 06, 2020 1
 Mar 07, 2020 0
 Mar 08, 2020 0
 Mar 09, 2020 0
 Mar 10, 2020 4
 Mar 11, 2020 7
 Mar 12, 2020 7
 Mar 13, 2020 16
 Mar 14, 2020 11
 Mar 15, 2020 2
 Mar 16, 2020 7
 Mar 17, 2020 10
 Mar 18, 2020 18
 Mar 19, 2020 20
 Mar 20, 2020 32
 Mar 21, 2020 36
 Mar 22, 2020 51
 Mar 23, 2020 27
 Mar 24, 2020 54
 Mar 25, 2020 81
 Mar 26, 2020 0
 Mar 27, 2020 73
 Mar 28, 2020 202
 Mar 29, 2020 82
 Mar 30, 2020 44
 Mar 31, 2020 115
 Apr 01, 2020 160
 Apr 02, 2020 111
 Apr 03, 2020 305
 Apr 04, 2020 148
 Apr 05, 2020 284
 Apr 06, 2020 292
 Apr 07, 2020 247
 Apr 08, 2020 219
 Apr 09, 2020 201
 Apr 10, 2020 238
 Apr 11, 2020 275
 Apr 12, 2020 250
 Apr 13, 2020 424
 Apr 14, 2020 411
 Apr 15, 2020 408
 Apr 16, 2020 445
 Apr 17, 2020 372
 Apr 18, 2020 304
 Apr 19, 2020 324
 Apr 20, 2020 312
 Apr 21, 2020 260
 Apr 22, 2020 254
 Apr 23, 2020 132
 Apr 24, 2020 207
 Apr 25, 2020 296
 Apr 26, 2020 263
 Apr 27, 2020 233
 Apr 28, 2020 222
 Apr 29, 2020 227
 Apr 30, 2020 285
 May 01, 2020 0
 May 02, 2020 353
 May 03, 2020 102
 May 04, 2020 93
 May 05, 2020 120
 May 06, 2020 114
 May 07, 2020 57
 May 08, 2020 95
 May 09, 2020 89
 May 10, 2020 0
 May 11, 2020 144
 May 12, 2020 67
 May 13, 2020 52
 May 14, 2020 79
 May 15, 2020 64
 May 16, 2020 58
 May 17, 2020 114
