 Jan 22, 2020 0
 Jan 23, 2020 0
 Jan 24, 2020 0
 Jan 25, 2020 0
 Jan 26, 2020 0
 Jan 27, 2020 0
 Jan 28, 2020 0
 Jan 29, 2020 0
 Jan 30, 2020 0
 Jan 31, 2020 1
 Feb 01, 2020 0
 Feb 02, 2020 0
 Feb 03, 2020 0
 Feb 04, 2020 0
 Feb 05, 2020 0
 Feb 06, 2020 0
 Feb 07, 2020 0
 Feb 08, 2020 0
 Feb 09, 2020 0
 Feb 10, 2020 0
 Feb 11, 2020 0
 Feb 12, 2020 0
 Feb 13, 2020 0
 Feb 14, 2020 0
 Feb 15, 2020 0
 Feb 16, 2020 0
 Feb 17, 2020 0
 Feb 18, 2020 0
 Feb 19, 2020 0
 Feb 20, 2020 0
 Feb 21, 2020 0
 Feb 22, 2020 0
 Feb 23, 2020 0
 Feb 24, 2020 0
 Feb 25, 2020 0
 Feb 26, 2020 1
 Feb 27, 2020 5
 Feb 28, 2020 0
 Feb 29, 2020 5
 Mar 01, 2020 2
 Mar 02, 2020 1
 Mar 03, 2020 6
 Mar 04, 2020 14
 Mar 05, 2020 59
 Mar 06, 2020 7
 Mar 07, 2020 60
 Mar 08, 2020 42
 Mar 09, 2020 45
 Mar 10, 2020 107
 Mar 11, 2020 145
 Mar 12, 2020 99
 Mar 13, 2020 215
 Mar 14, 2020 147
 Mar 15, 2020 61
 Mar 16, 2020 81
 Mar 17, 2020 87
 Mar 18, 2020 89
 Mar 19, 2020 160
 Mar 20, 2020 200
 Mar 21, 2020 124
 Mar 22, 2020 171
 Mar 23, 2020 112
 Mar 24, 2020 240
 Mar 25, 2020 240
 Mar 26, 2020 314
 Mar 27, 2020 229
 Mar 28, 2020 378
 Mar 29, 2020 253
 Mar 30, 2020 328
 Mar 31, 2020 407
 Apr 01, 2020 512
 Apr 02, 2020 621
 Apr 03, 2020 563
 Apr 04, 2020 312
 Apr 05, 2020 387
 Apr 06, 2020 376
 Apr 07, 2020 487
 Apr 08, 2020 726
 Apr 09, 2020 722
 Apr 10, 2020 544
 Apr 11, 2020 466
 Apr 12, 2020 332
 Apr 13, 2020 465
 Apr 14, 2020 497
 Apr 15, 2020 482
 Apr 16, 2020 613
 Apr 17, 2020 676
 Apr 18, 2020 606
 Apr 19, 2020 563
 Apr 20, 2020 392
 Apr 21, 2020 545
 Apr 22, 2020 682
 Apr 23, 2020 751
 Apr 24, 2020 812
 Apr 25, 2020 610
 Apr 26, 2020 463
 Apr 27, 2020 286
 Apr 28, 2020 695
 Apr 29, 2020 681
 Apr 30, 2020 790
 May 01, 2020 428
 May 02, 2020 562
 May 03, 2020 235
 May 04, 2020 404
 May 05, 2020 495
 May 06, 2020 702
 May 07, 2020 705
 May 08, 2020 642
 May 09, 2020 656
 May 10, 2020 401
 May 11, 2020 348
 May 12, 2020 602
 May 13, 2020 637
 May 14, 2020 673
 May 15, 2020 625
 May 16, 2020 470
 May 17, 2020 466
