Jan 22. 2020 0
Jan 23. 2020 0
Jan 24. 2020 0
Jan 25. 2020 0
Jan 26. 2020 0
Jan 27. 2020 0
Jan 28. 2020 0
Jan 29. 2020 0
Jan 30. 2020 0
Jan 31. 2020 0
Feb 01. 2020 0
Feb 02. 2020 0
Feb 03. 2020 0
Feb 04. 2020 0
Feb 05. 2020 0
Feb 06. 2020 0
Feb 07. 2020 0
Feb 08. 2020 0
Feb 09. 2020 0
Feb 10. 2020 0
Feb 11. 2020 0
Feb 12. 2020 0
Feb 13. 2020 0
Feb 14. 2020 0
Feb 15. 2020 0
Feb 16. 2020 0
Feb 17. 2020 0
Feb 18. 2020 0
Feb 19. 2020 0
Feb 20. 2020 0
Feb 21. 2020 0
Feb 22. 2020 0
Feb 23. 2020 0
Feb 24. 2020 0
Feb 25. 2020 2
Feb 26. 2020 0
Feb 27. 2020 1
Feb 28. 2020 0
Feb 29. 2020 6
Mar 01. 2020 5
Mar 02. 2020 4
Mar 03. 2020 3
Mar 04. 2020 8
Mar 05. 2020 12
Mar 06. 2020 14
Mar 07. 2020 24
Mar 08. 2020 25
Mar 09. 2020 27
Mar 10. 2020 51
Mar 11. 2020 64
Mar 12. 2020 56
Mar 13. 2020 202
Mar 14. 2020 151
Mar 15. 2020 205
Mar 16. 2020 158
Mar 17. 2020 314
Mar 18. 2020 314
Mar 19. 2020 367
Mar 20. 2020 375
Mar 21. 2020 426
Mar 22. 2020 768
Mar 23. 2020 892
Mar 24. 2020 809
Mar 25. 2020 305
Mar 26. 2020 1.321
Mar 27. 2020 748
Mar 28. 2020 614
Mar 29. 2020 517
Mar 30. 2020 830
Mar 31. 2020 562
Apr 01. 2020 531
Apr 02. 2020 418
Apr 03. 2020 395
Apr 04. 2020 257
Apr 05. 2020 270
Apr 06. 2020 246
Apr 07. 2020 342
Apr 08. 2020 303
Apr 09. 2020 302
Apr 10. 2020 311
Apr 11. 2020 251
Apr 12. 2020 139
Apr 13. 2020 96
Apr 14. 2020 185
Apr 15. 2020 110
Apr 16. 2020 140
Apr 17. 2020 119
Apr 18. 2020 76
Apr 19. 2020 78
Apr 20. 2020 46
Apr 21. 2020 78
Apr 22. 2020 52
Apr 23. 2020 77
Apr 24. 2020 69
Apr 25. 2020 77
Apr 26. 2020 77
Apr 27. 2020 49
Apr 28. 2020 83
Apr 29. 2020 45
Apr 30. 2020 50
May 01. 2020 79
May 02. 2020 27
May 03. 2020 39
May 04. 2020 24
May 05. 2020 29
May 06. 2020 34
May 07. 2020 68
May 08. 2020 22
May 09. 2020 59
May 10. 2020 38
May 11. 2020 11
May 12. 2020 79
May 13. 2020 36
May 14. 2020 61
May 15. 2020 51
May 16. 2020 92
May 17. 2020 41
