 Jan 22, 2020 0
 Jan 23, 2020 0
 Jan 24, 2020 0
 Jan 25, 2020 0
 Jan 26, 2020 0
 Jan 27, 2020 0
 Jan 28, 2020 0
 Jan 29, 2020 0
 Jan 30, 2020 0
 Jan 31, 2020 0
 Feb 01, 2020 0
 Feb 02, 2020 0
 Feb 03, 2020 0
 Feb 04, 2020 1
 Feb 05, 2020 0
 Feb 06, 2020 0
 Feb 07, 2020 0
 Feb 08, 2020 0
 Feb 09, 2020 0
 Feb 10, 2020 0
 Feb 11, 2020 0
 Feb 12, 2020 0
 Feb 13, 2020 0
 Feb 14, 2020 0
 Feb 15, 2020 0
 Feb 16, 2020 0
 Feb 17, 2020 0
 Feb 18, 2020 0
 Feb 19, 2020 0
 Feb 20, 2020 0
 Feb 21, 2020 0
 Feb 22, 2020 0
 Feb 23, 2020 0
 Feb 24, 2020 0
 Feb 25, 2020 0
 Feb 26, 2020 0
 Feb 27, 2020 0
 Feb 28, 2020 0
 Feb 29, 2020 0
 Mar 01, 2020 1
 Mar 02, 2020 6
 Mar 03, 2020 5
 Mar 04, 2020 10
 Mar 05, 2020 27
 Mar 06, 2020 59
 Mar 07, 2020 60
 Mar 08, 2020 31
 Mar 09, 2020 39
 Mar 10, 2020 28
 Mar 11, 2020 47
 Mar 12, 2020 0
 Mar 13, 2020 245
 Mar 14, 2020 130
 Mar 15, 2020 197
 Mar 16, 2020 172
 Mar 17, 2020 185
 Mar 18, 2020 243
 Mar 19, 2020 309
 Mar 20, 2020 462
 Mar 21, 2020 558
 Mar 22, 2020 586
 Mar 23, 2020 342
 Mar 24, 2020 526
 Mar 25, 2020 668
 Mar 26, 2020 1,298
 Mar 27, 2020 1,049
 Mar 28, 2020 1,850
 Mar 29, 2020 1,702
 Mar 30, 2020 1,063
 Mar 31, 2020 876
 Apr 01, 2020 1,189
 Apr 02, 2020 1,384
 Apr 03, 2020 1,422
 Apr 04, 2020 1,661
 Apr 05, 2020 1,260
 Apr 06, 2020 1,123
 Apr 07, 2020 1,380
 Apr 08, 2020 1,209
 Apr 09, 2020 1,580
 Apr 10, 2020 1,684
 Apr 11, 2020 1,351
 Apr 12, 2020 1,629
 Apr 13, 2020 942
 Apr 14, 2020 530
 Apr 15, 2020 2,454
 Apr 16, 2020 1,236
 Apr 17, 2020 1,329
 Apr 18, 2020 1,045
 Apr 19, 2020 1,313
 Apr 20, 2020 1,487
 Apr 21, 2020 973
 Apr 22, 2020 933
 Apr 23, 2020 908
 Apr 24, 2020 1,496
 Apr 25, 2020 1,032
 Apr 26, 2020 809
 Apr 27, 2020 553
 Apr 28, 2020 647
 Apr 29, 2020 525
 Apr 30, 2020 660
 May 01, 2020 513
 May 02, 2020 485
 May 03, 2020 389
 May 04, 2020 361
 May 05, 2020 242
 May 06, 2020 272
 May 07, 2020 639
 May 08, 2020 591
 May 09, 2020 585
 May 10, 2020 485
 May 11, 2020 368
 May 12, 2020 330
 May 13, 2020 202
 May 14, 2020 307
 May 15, 2020 356
 May 16, 2020 345
 May 17, 2020 291
