 Jan 22, 2020 0
 Jan 23, 2020 0
 Jan 24, 2020 0
 Jan 25, 2020 0
 Jan 26, 2020 0
 Jan 27, 2020 0
 Jan 28, 2020 0
 Jan 29, 2020 0
 Jan 30, 2020 0
 Jan 31, 2020 0
 Feb 01, 2020 0
 Feb 02, 2020 0
 Feb 03, 2020 0
 Feb 04, 2020 0
 Feb 05, 2020 0
 Feb 06, 2020 0
 Feb 07, 2020 0
 Feb 08, 2020 0
 Feb 09, 2020 0
 Feb 10, 2020 0
 Feb 11, 2020 0
 Feb 12, 2020 0
 Feb 13, 2020 0
 Feb 14, 2020 0
 Feb 15, 2020 0
 Feb 16, 2020 0
 Feb 17, 2020 0
 Feb 18, 2020 0
 Feb 19, 2020 0
 Feb 20, 2020 0
 Feb 21, 2020 0
 Feb 22, 2020 0
 Feb 23, 2020 0
 Feb 24, 2020 0
 Feb 25, 2020 0
 Feb 26, 2020 0
 Feb 27, 2020 0
 Feb 28, 2020 0
 Feb 29, 2020 0
 Mar 01, 2020 3
 Mar 02, 2020 0
 Mar 03, 2020 2
 Mar 04, 2020 3
 Mar 05, 2020 4
 Mar 06, 2020 6
 Mar 07, 2020 1
 Mar 08, 2020 12
 Mar 09, 2020 0
 Mar 10, 2020 10
 Mar 11, 2020 50
 Mar 12, 2020 3
 Mar 13, 2020 47
 Mar 14, 2020 48
 Mar 15, 2020 64
 Mar 16, 2020 45
 Mar 17, 2020 98
 Mar 18, 2020 68
 Mar 19, 2020 230
 Mar 20, 2020 139
 Mar 21, 2020 162
 Mar 22, 2020 125
 Mar 23, 2020 116
 Mar 24, 2020 158
 Mar 25, 2020 260
 Mar 26, 2020 271
 Mar 27, 2020 354
 Mar 28, 2020 352
 Mar 29, 2020 186
 Mar 30, 2020 184
 Mar 31, 2020 307
 Apr 01, 2020 200
 Apr 02, 2020 350
 Apr 03, 2020 233
 Apr 04, 2020 381
 Apr 05, 2020 115
 Apr 06, 2020 235
 Apr 07, 2020 195
 Apr 08, 2020 295
 Apr 09, 2020 257
 Apr 10, 2020 163
 Apr 11, 2020 99
 Apr 12, 2020 160
 Apr 13, 2020 68
 Apr 14, 2020 52
 Apr 15, 2020 105
 Apr 16, 2020 217
 Apr 17, 2020 116
 Apr 18, 2020 57
 Apr 19, 2020 140
 Apr 20, 2020 154
 Apr 21, 2020 133
 Apr 22, 2020 99
 Apr 23, 2020 55
 Apr 24, 2020 86
 Apr 25, 2020 79
 Apr 26, 2020 52
 Apr 27, 2020 41
 Apr 28, 2020 59
 Apr 29, 2020 75
 Apr 30, 2020 103
 May 01, 2020 55
 May 02, 2020 18
 May 03, 2020 26
 May 04, 2020 38
 May 05, 2020 77
 May 06, 2020 78
 May 07, 2020 57
 May 08, 2020 46
 May 09, 2020 18
 May 10, 2020 28
 May 11, 2020 53
 May 12, 2020 45
 May 13, 2020 48
 May 14, 2020 82
 May 15, 2020 55
 May 16, 2020 49
 May 17, 2020 20
