 Jan 22, 2020 0
 Jan 23, 2020 0
 Jan 24, 2020 0
 Jan 25, 2020 0
 Jan 26, 2020 0
 Jan 27, 2020 0
 Jan 28, 2020 0
 Jan 29, 2020 0
 Jan 30, 2020 0
 Jan 31, 2020 0
 Feb 01, 2020 0
 Feb 02, 2020 0
 Feb 03, 2020 0
 Feb 04, 2020 0
 Feb 05, 2020 0
 Feb 06, 2020 0
 Feb 07, 2020 0
 Feb 08, 2020 0
 Feb 09, 2020 0
 Feb 10, 2020 0
 Feb 11, 2020 0
 Feb 12, 2020 0
 Feb 13, 2020 0
 Feb 14, 2020 0
 Feb 15, 2020 0
 Feb 16, 2020 0
 Feb 17, 2020 0
 Feb 18, 2020 0
 Feb 19, 2020 0
 Feb 20, 2020 0
 Feb 21, 2020 0
 Feb 22, 2020 0
 Feb 23, 2020 0
 Feb 24, 2020 0
 Feb 25, 2020 0
 Feb 26, 2020 0
 Feb 27, 2020 1
 Feb 28, 2020 0
 Feb 29, 2020 2
 Mar 01, 2020 1
 Mar 02, 2020 0
 Mar 03, 2020 2
 Mar 04, 2020 5
 Mar 05, 2020 0
 Mar 06, 2020 13
 Mar 07, 2020 0
 Mar 08, 2020 13
 Mar 09, 2020 55
 Mar 10, 2020 172
 Mar 11, 2020 180
 Mar 12, 2020 173
 Mar 13, 2020 187
 Mar 14, 2020 32
 Mar 15, 2020 39
 Mar 16, 2020 58
 Mar 17, 2020 92
 Mar 18, 2020 91
 Mar 19, 2020 109
 Mar 20, 2020 112
 Mar 21, 2020 83
 Mar 22, 2020 94
 Mar 23, 2020 58
 Mar 24, 2020 146
 Mar 25, 2020 144
 Mar 26, 2020 161
 Mar 27, 2020 177
 Mar 28, 2020 166
 Mar 29, 2020 198
 Mar 30, 2020 191
 Mar 31, 2020 284
 Apr 01, 2020 251
 Apr 02, 2020 283
 Apr 03, 2020 373
 Apr 04, 2020 323
 Apr 05, 2020 292
 Apr 06, 2020 314
 Apr 07, 2020 391
 Apr 08, 2020 331
 Apr 09, 2020 233
 Apr 10, 2020 184
 Apr 11, 2020 177
 Apr 12, 2020 178
 Apr 13, 2020 144
 Apr 14, 2020 193
 Apr 15, 2020 170
 Apr 16, 2020 198
 Apr 17, 2020 194
 Apr 18, 2020 169
 Apr 19, 2020 143
 Apr 20, 2020 131
 Apr 21, 2020 180
 Apr 22, 2020 217
 Apr 23, 2020 163
 Apr 24, 2020 137
 Apr 25, 2020 235
 Apr 26, 2020 130
 Apr 27, 2020 123
 Apr 28, 2020 153
 Apr 29, 2020 157
 Apr 30, 2020 150
 May 01, 2020 153
 May 02, 2020 96
 May 03, 2020 116
 May 04, 2020 147
 May 05, 2020 151
 May 06, 2020 117
 May 07, 2020 145
 May 08, 2020 135
 May 09, 2020 101
 May 10, 2020 110
 May 11, 2020 84
 May 12, 2020 78
 May 13, 2020 76
 May 14, 2020 46
 May 15, 2020 78
 May 16, 2020 67
 May 17, 2020 69
