 Jan 22, 2020 0
 Jan 23, 2020 0
 Jan 24, 2020 0
 Jan 25, 2020 0
 Jan 26, 2020 0
 Jan 27, 2020 0
 Jan 28, 2020 0
 Jan 29, 2020 0
 Jan 30, 2020 0
 Jan 31, 2020 2
 Feb 01, 2020 0
 Feb 02, 2020 0
 Feb 03, 2020 0
 Feb 04, 2020 0
 Feb 05, 2020 0
 Feb 06, 2020 0
 Feb 07, 2020 1
 Feb 08, 2020 0
 Feb 09, 2020 0
 Feb 10, 2020 0
 Feb 11, 2020 0
 Feb 12, 2020 0
 Feb 13, 2020 0
 Feb 14, 2020 0
 Feb 15, 2020 0
 Feb 16, 2020 0
 Feb 17, 2020 0
 Feb 18, 2020 0
 Feb 19, 2020 0
 Feb 20, 2020 0
 Feb 21, 2020 17
 Feb 22, 2020 42
 Feb 23, 2020 93
 Feb 24, 2020 74
 Feb 25, 2020 93
 Feb 26, 2020 131
 Feb 27, 2020 202
 Feb 28, 2020 233
 Feb 29, 2020 240
 Mar 01, 2020 566
 Mar 02, 2020 342
 Mar 03, 2020 466
 Mar 04, 2020 587
 Mar 05, 2020 769
 Mar 06, 2020 778
 Mar 07, 2020 1,247
 Mar 08, 2020 1,492
 Mar 09, 2020 1,797
 Mar 10, 2020 977
 Mar 11, 2020 2,313
 Mar 12, 2020 0
 Mar 13, 2020 5,198
 Mar 14, 2020 3,497
 Mar 15, 2020 3,590
 Mar 16, 2020 3,233
 Mar 17, 2020 3,526
 Mar 18, 2020 4,207
 Mar 19, 2020 5,322
 Mar 20, 2020 5,986
 Mar 21, 2020 6,557
 Mar 22, 2020 5,560
 Mar 23, 2020 4,789
 Mar 24, 2020 5,249
 Mar 25, 2020 5,210
 Mar 26, 2020 6,203
 Mar 27, 2020 5,909
 Mar 28, 2020 5,974
 Mar 29, 2020 5,217
 Mar 30, 2020 4,050
 Mar 31, 2020 4,053
 Apr 01, 2020 4,782
 Apr 02, 2020 4,668
 Apr 03, 2020 4,585
 Apr 04, 2020 4,805
 Apr 05, 2020 4,316
 Apr 06, 2020 3,599
 Apr 07, 2020 3,039
 Apr 08, 2020 3,836
 Apr 09, 2020 4,204
 Apr 10, 2020 3,951
 Apr 11, 2020 4,694
 Apr 12, 2020 4,092
 Apr 13, 2020 3,153
 Apr 14, 2020 2,972
 Apr 15, 2020 2,667
 Apr 16, 2020 3,786
 Apr 17, 2020 3,493
 Apr 18, 2020 3,491
 Apr 19, 2020 3,047
 Apr 20, 2020 2,256
 Apr 21, 2020 2,729
 Apr 22, 2020 3,370
 Apr 23, 2020 2,646
 Apr 24, 2020 3,021
 Apr 25, 2020 2,357
 Apr 26, 2020 2,324
 Apr 27, 2020 1,739
 Apr 28, 2020 2,091
 Apr 29, 2020 2,086
 Apr 30, 2020 1,872
 May 01, 2020 1,965
 May 02, 2020 1,900
 May 03, 2020 1,389
 May 04, 2020 1,221
 May 05, 2020 1,075
 May 06, 2020 1,444
 May 07, 2020 1,401
 May 08, 2020 1,327
 May 09, 2020 1,083
 May 10, 2020 802
 May 11, 2020 744
 May 12, 2020 1,402
 May 13, 2020 888
 May 14, 2020 992
 May 15, 2020 789
 May 16, 2020 875
 May 17, 2020 675
