 Jan 22, 2020 0
 Jan 23, 2020 0
 Jan 24, 2020 0
 Jan 25, 2020 0
 Jan 26, 2020 0
 Jan 27, 2020 0
 Jan 28, 2020 0
 Jan 29, 2020 0
 Jan 30, 2020 0
 Jan 31, 2020 0
 Feb 01, 2020 0
 Feb 02, 2020 0
 Feb 03, 2020 0
 Feb 04, 2020 0
 Feb 05, 2020 0
 Feb 06, 2020 0
 Feb 07, 2020 0
 Feb 08, 2020 0
 Feb 09, 2020 0
 Feb 10, 2020 0
 Feb 11, 2020 0
 Feb 12, 2020 0
 Feb 13, 2020 0
 Feb 14, 2020 0
 Feb 15, 2020 0
 Feb 16, 2020 0
 Feb 17, 2020 0
 Feb 18, 2020 0
 Feb 19, 2020 0
 Feb 20, 2020 0
 Feb 21, 2020 0
 Feb 22, 2020 0
 Feb 23, 2020 0
 Feb 24, 2020 0
 Feb 25, 2020 0
 Feb 26, 2020 0
 Feb 27, 2020 0
 Feb 28, 2020 0
 Feb 29, 2020 1
 Mar 01, 2020 0
 Mar 02, 2020 0
 Mar 03, 2020 0
 Mar 04, 2020 0
 Mar 05, 2020 0
 Mar 06, 2020 1
 Mar 07, 2020 0
 Mar 08, 2020 1
 Mar 09, 2020 0
 Mar 10, 2020 2
 Mar 11, 2020 2
 Mar 12, 2020 12
 Mar 13, 2020 15
 Mar 14, 2020 17
 Mar 15, 2020 8
 Mar 16, 2020 18
 Mar 17, 2020 63
 Mar 18, 2020 63
 Mar 19, 2020 132
 Mar 20, 2020 149
 Mar 21, 2020 186
 Mar 22, 2020 128
 Mar 23, 2020 77
 Mar 24, 2020 224
 Mar 25, 2020 234
 Mar 26, 2020 120
 Mar 27, 2020 152
 Mar 28, 2020 226
 Mar 29, 2020 119
 Mar 30, 2020 38
 Mar 31, 2020 190
 Apr 01, 2020 141
 Apr 02, 2020 168
 Apr 03, 2020 125
 Apr 04, 2020 117
 Apr 05, 2020 75
 Apr 06, 2020 39
 Apr 07, 2020 127
 Apr 08, 2020 64
 Apr 09, 2020 81
 Apr 10, 2020 108
 Apr 11, 2020 47
 Apr 12, 2020 11
 Apr 13, 2020 11
 Apr 14, 2020 15
 Apr 15, 2020 66
 Apr 16, 2020 71
 Apr 17, 2020 36
 Apr 18, 2020 57
 Apr 19, 2020 13
 Apr 20, 2020 8
 Apr 21, 2020 60
 Apr 22, 2020 36
 Apr 23, 2020 11
 Apr 24, 2020 30
 Apr 25, 2020 16
 Apr 26, 2020 12
 Apr 27, 2020 6
 Apr 28, 2020 12
 Apr 29, 2020 28
 Apr 30, 2020 15
 May 01, 2020 18
 May 02, 2020 10
 May 03, 2020 12
 May 04, 2020 4
 May 05, 2020 12
 May 06, 2020 11
 May 07, 2020 8
 May 08, 2020 12
 May 09, 2020 6
 May 10, 2020 9
 May 11, 2020 2
 May 12, 2020 6
 May 13, 2020 10
 May 14, 2020 11
 May 15, 2020 8
 May 16, 2020 7
 May 17, 2020 15
