 Jan 22, 2020 0
 Jan 23, 2020 0
 Jan 24, 2020 0
 Jan 25, 2020 0
 Jan 26, 2020 0
 Jan 27, 2020 0
 Jan 28, 2020 0
 Jan 29, 2020 0
 Jan 30, 2020 0
 Jan 31, 2020 0
 Feb 01, 2020 0
 Feb 02, 2020 0
 Feb 03, 2020 0
 Feb 04, 2020 0
 Feb 05, 2020 0
 Feb 06, 2020 0
 Feb 07, 2020 0
 Feb 08, 2020 0
 Feb 09, 2020 0
 Feb 10, 2020 0
 Feb 11, 2020 0
 Feb 12, 2020 0
 Feb 13, 2020 0
 Feb 14, 2020 0
 Feb 15, 2020 0
 Feb 16, 2020 0
 Feb 17, 2020 0
 Feb 18, 2020 0
 Feb 19, 2020 0
 Feb 20, 2020 0
 Feb 21, 2020 0
 Feb 22, 2020 0
 Feb 23, 2020 0
 Feb 24, 2020 0
 Feb 25, 2020 0
 Feb 26, 2020 0
 Feb 27, 2020 1
 Feb 28, 2020 0
 Feb 29, 2020 5
 Mar 01, 2020 4
 Mar 02, 2020 8
 Mar 03, 2020 6
 Mar 04, 2020 14
 Mar 05, 2020 44
 Mar 06, 2020 46
 Mar 07, 2020 60
 Mar 08, 2020 77
 Mar 09, 2020 56
 Mar 10, 2020 61
 Mar 11, 2020 121
 Mar 12, 2020 0
 Mar 13, 2020 303
 Mar 14, 2020 156
 Mar 15, 2020 176
 Mar 16, 2020 278
 Mar 17, 2020 295
 Mar 18, 2020 347
 Mar 19, 2020 409
 Mar 20, 2020 536
 Mar 21, 2020 637
 Mar 22, 2020 577
 Mar 23, 2020 547
 Mar 24, 2020 816
 Mar 25, 2020 858
 Mar 26, 2020 1,030
 Mar 27, 2020 1,179
 Mar 28, 2020 1,172
 Mar 29, 2020 1,111
 Mar 30, 2020 887
 Mar 31, 2020 850
 Apr 01, 2020 1,029
 Apr 02, 2020 1,092
 Apr 03, 2020 1,033
 Apr 04, 2020 906
 Apr 05, 2020 1,226
 Apr 06, 2020 973
 Apr 07, 2020 783
 Apr 08, 2020 973
 Apr 09, 2020 1,221
 Apr 10, 2020 1,346
 Apr 11, 2020 1,322
 Apr 12, 2020 1,175
 Apr 13, 2020 964
 Apr 14, 2020 870
 Apr 15, 2020 736
 Apr 16, 2020 1,067
 Apr 17, 2020 1,236
 Apr 18, 2020 1,147
 Apr 19, 2020 1,072
 Apr 20, 2020 750
 Apr 21, 2020 729
 Apr 22, 2020 715
 Apr 23, 2020 889
 Apr 24, 2020 808
 Apr 25, 2020 655
 Apr 26, 2020 656
 Apr 27, 2020 400
 Apr 28, 2020 172
 Apr 29, 2020 386
 Apr 30, 2020 514
 May 01, 2020 477
 May 02, 2020 445
 May 03, 2020 335
 May 04, 2020 199
 May 05, 2020 318
 May 06, 2020 232
 May 07, 2020 455
 May 08, 2020 319
 May 09, 2020 289
 May 10, 2020 245
 May 11, 2020 161
 May 12, 2020 196
 May 13, 2020 227
 May 14, 2020 270
 May 15, 2020 200
 May 16, 2020 190
 May 17, 2020 125
