 Jan 22, 2020 0
 Jan 23, 2020 0
 Jan 24, 2020 0
 Jan 25, 2020 0
 Jan 26, 2020 0
 Jan 27, 2020 0
 Jan 28, 2020 0
 Jan 29, 2020 0
 Jan 30, 2020 0
 Jan 31, 2020 0
 Feb 01, 2020 0
 Feb 02, 2020 0
 Feb 03, 2020 0
 Feb 04, 2020 0
 Feb 05, 2020 0
 Feb 06, 2020 0
 Feb 07, 2020 0
 Feb 08, 2020 0
 Feb 09, 2020 0
 Feb 10, 2020 0
 Feb 11, 2020 0
 Feb 12, 2020 0
 Feb 13, 2020 0
 Feb 14, 2020 0
 Feb 15, 2020 0
 Feb 16, 2020 0
 Feb 17, 2020 0
 Feb 18, 2020 0
 Feb 19, 2020 0
 Feb 20, 2020 0
 Feb 21, 2020 0
 Feb 22, 2020 0
 Feb 23, 2020 0
 Feb 24, 2020 0
 Feb 25, 2020 0
 Feb 26, 2020 1
 Feb 27, 2020 0
 Feb 28, 2020 5
 Feb 29, 2020 9
 Mar 01, 2020 4
 Mar 02, 2020 6
 Mar 03, 2020 7
 Mar 04, 2020 24
 Mar 05, 2020 31
 Mar 06, 2020 21
 Mar 07, 2020 39
 Mar 08, 2020 29
 Mar 09, 2020 29
 Mar 10, 2020 195
 Mar 11, 2020 198
 Mar 12, 2020 104
 Mar 13, 2020 294
 Mar 14, 2020 94
 Mar 15, 2020 131
 Mar 16, 2020 112
 Mar 17, 2020 130
 Mar 18, 2020 87
 Mar 19, 2020 196
 Mar 20, 2020 168
 Mar 21, 2020 204
 Mar 22, 2020 267
 Mar 23, 2020 236
 Mar 24, 2020 242
 Mar 25, 2020 221
 Mar 26, 2020 285
 Mar 27, 2020 386
 Mar 28, 2020 260
 Mar 29, 2020 269
 Mar 30, 2020 161
 Mar 31, 2020 196
 Apr 01, 2020 222
 Apr 02, 2020 284
 Apr 03, 2020 223
 Apr 04, 2020 180
 Apr 05, 2020 137
 Apr 06, 2020 178
 Apr 07, 2020 221
 Apr 08, 2020 0
 Apr 09, 2020 125
 Apr 10, 2020 103
 Apr 11, 2020 95
 Apr 12, 2020 116
 Apr 13, 2020 78
 Apr 14, 2020 20
 Apr 15, 2020 117
 Apr 16, 2020 156
 Apr 17, 2020 41
 Apr 18, 2020 99
 Apr 19, 2020 42
 Apr 20, 2020 78
 Apr 21, 2020 35
 Apr 22, 2020 147
 Apr 23, 2020 63
 Apr 24, 2020 62
 Apr 25, 2020 36
 Apr 26, 2020 28
 Apr 27, 2020 72
 Apr 28, 2020 61
 Apr 29, 2020 50
 Apr 30, 2020 28
 May 01, 2020 45
 May 02, 2020 26
 May 03, 2020 38
 May 04, 2020 57
 May 05, 2020 51
 May 06, 2020 41
 May 07, 2020 38
 May 08, 2020 36
 May 09, 2020 29
 May 10, 2020 6
 May 11, 2020 27
 May 12, 2020 25
 May 13, 2020 18
 May 14, 2020 21
 May 15, 2020 23
 May 16, 2020 18
 May 17, 2020 12
