 Jan 22, 2020 0
 Jan 23, 2020 0
 Jan 24, 2020 0
 Jan 25, 2020 0
 Jan 26, 2020 0
 Jan 27, 2020 0
 Jan 28, 2020 0
 Jan 29, 2020 0
 Jan 30, 2020 0
 Jan 31, 2020 0
 Feb 01, 2020 0
 Feb 02, 2020 0
 Feb 03, 2020 0
 Feb 04, 2020 0
 Feb 05, 2020 0
 Feb 06, 2020 0
 Feb 07, 2020 0
 Feb 08, 2020 0
 Feb 09, 2020 0
 Feb 10, 2020 0
 Feb 11, 2020 0
 Feb 12, 2020 0
 Feb 13, 2020 0
 Feb 14, 2020 0
 Feb 15, 2020 0
 Feb 16, 2020 0
 Feb 17, 2020 0
 Feb 18, 2020 0
 Feb 19, 2020 0
 Feb 20, 2020 0
 Feb 21, 2020 0
 Feb 22, 2020 0
 Feb 23, 2020 0
 Feb 24, 2020 0
 Feb 25, 2020 0
 Feb 26, 2020 0
 Feb 27, 2020 0
 Feb 28, 2020 0
 Feb 29, 2020 0
 Mar 01, 2020 0
 Mar 02, 2020 2
 Mar 03, 2020 0
 Mar 04, 2020 3
 Mar 05, 2020 3
 Mar 06, 2020 5
 Mar 07, 2020 7
 Mar 08, 2020 10
 Mar 09, 2020 0
 Mar 10, 2020 11
 Mar 11, 2020 18
 Mar 12, 2020 0
 Mar 13, 2020 53
 Mar 14, 2020 57
 Mar 15, 2020 76
 Mar 16, 2020 86
 Mar 17, 2020 117
 Mar 18, 2020 0
 Mar 19, 2020 337
 Mar 20, 2020 235
 Mar 21, 2020 260
 Mar 22, 2020 320
 Mar 23, 2020 460
 Mar 24, 2020 302
 Mar 25, 2020 633
 Mar 26, 2020 549
 Mar 27, 2020 724
 Mar 28, 2020 902
 Mar 29, 2020 792
 Mar 30, 2020 446
 Mar 31, 2020 1,035
 Apr 01, 2020 808
 Apr 02, 2020 783
 Apr 03, 2020 852
 Apr 04, 2020 638
 Apr 05, 2020 754
 Apr 06, 2020 452
 Apr 07, 2020 712
 Apr 08, 2020 699
 Apr 09, 2020 815
 Apr 10, 2020 1,516
 Apr 11, 2020 515
 Apr 12, 2020 598
 Apr 13, 2020 349
 Apr 14, 2020 514
 Apr 15, 2020 643
 Apr 16, 2020 750
 Apr 17, 2020 181
 Apr 18, 2020 663
 Apr 19, 2020 521
 Apr 20, 2020 657
 Apr 21, 2020 516
 Apr 22, 2020 603
 Apr 23, 2020 371
 Apr 24, 2020 444
 Apr 25, 2020 595
 Apr 26, 2020 472
 Apr 27, 2020 163
 Apr 28, 2020 295
 Apr 29, 2020 183
 Apr 30, 2020 540
 May 01, 2020 306
 May 03, 2020 92
 May 04, 2020 242
 May 05, 2020 178
 May 06, 2020 480
 May 07, 2020 533
 May 08, 2020 553
 May 09, 2020 138
 May 10, 2020 175
 May 11, 2020 98
 May 12, 2020 234
 May 13, 2020 219
 May 14, 2020 187
 May 15, 2020 264
 May 16, 2020 227
 May 17, 2020 226
