 Jan 22, 2020 0
 Jan 23, 2020 0
 Jan 24, 2020 0
 Jan 25, 2020 0
 Jan 26, 2020 0
 Jan 27, 2020 0
 Jan 28, 2020 0
 Jan 29, 2020 0
 Jan 30, 2020 0
 Jan 31, 2020 0
 Feb 01, 2020 0
 Feb 02, 2020 0
 Feb 03, 2020 0
 Feb 04, 2020 0
 Feb 05, 2020 0
 Feb 06, 2020 0
 Feb 07, 2020 0
 Feb 08, 2020 0
 Feb 09, 2020 0
 Feb 10, 2020 0
 Feb 11, 2020 0
 Feb 12, 2020 0
 Feb 13, 2020 0
 Feb 14, 2020 0
 Feb 15, 2020 0
 Feb 16, 2020 0
 Feb 17, 2020 0
 Feb 18, 2020 0
 Feb 19, 2020 0
 Feb 20, 2020 0
 Feb 21, 2020 0
 Feb 22, 2020 0
 Feb 23, 2020 0
 Feb 24, 2020 0
 Feb 25, 2020 0
 Feb 26, 2020 1
 Feb 27, 2020 0
 Feb 28, 2020 2
 Feb 29, 2020 0
 Mar 01, 2020 0
 Mar 02, 2020 0
 Mar 03, 2020 0
 Mar 04, 2020 1
 Mar 05, 2020 2
 Mar 06, 2020 3
 Mar 07, 2020 0
 Mar 08, 2020 6
 Mar 09, 2020 0
 Mar 10, 2020 10
 Mar 11, 2020 20
 Mar 12, 2020 4
 Mar 13, 2020 40
 Mar 14, 2020 34
 Mar 15, 2020 8
 Mar 16, 2020 27
 Mar 17, 2020 26
 Mar 18, 2020 76
 Mar 19, 2020 17
 Mar 20, 2020 31
 Mar 21, 2020 59
 Mar 22, 2020 66
 Mar 23, 2020 143
 Mar 24, 2020 218
 Mar 25, 2020 112
 Mar 26, 2020 123
 Mar 27, 2020 263
 Mar 28, 2020 160
 Mar 29, 2020 363
 Mar 30, 2020 294
 Mar 31, 2020 136
 Apr 01, 2020 215
 Apr 02, 2020 278
 Apr 03, 2020 445
 Apr 04, 2020 430
 Apr 05, 2020 251
 Apr 06, 2020 193
 Apr 07, 2020 360
 Apr 08, 2020 344
 Apr 09, 2020 441
 Apr 10, 2020 265
 Apr 11, 2020 523
 Apr 12, 2020 310
 Apr 13, 2020 333
 Apr 14, 2020 246
 Apr 15, 2020 337
 Apr 16, 2020 491
 Apr 17, 2020 360
 Apr 18, 2020 351
 Apr 19, 2020 328
 Apr 20, 2020 190
 Apr 21, 2020 306
 Apr 22, 2020 468
 Apr 23, 2020 386
 Apr 24, 2020 321
 Apr 25, 2020 218
 Apr 26, 2020 401
 Apr 27, 2020 303
 Apr 28, 2020 277
 Apr 29, 2020 362
 Apr 30, 2020 262
 May 01, 2020 327
 May 02, 2020 165
 May 03, 2020 431
 May 04, 2020 349
 May 05, 2020 325
 May 06, 2020 270
 May 07, 2020 392
 May 08, 2020 312
 May 09, 2020 320
 May 10, 2020 231
 May 11, 2020 226
 May 12, 2020 190
 May 13, 2020 224
 May 14, 2020 245
 May 15, 2020 190
 May 16, 2020 267
 May 17, 2020 167
