 Jan 22, 2020 0
 Jan 23, 2020 0
 Jan 24, 2020 0
 Jan 25, 2020 0
 Jan 26, 2020 0
 Jan 27, 2020 0
 Jan 28, 2020 0
 Jan 29, 2020 0
 Jan 30, 2020 0
 Jan 31, 2020 0
 Feb 01, 2020 0
 Feb 02, 2020 0
 Feb 03, 2020 0
 Feb 04, 2020 0
 Feb 05, 2020 0
 Feb 06, 2020 0
 Feb 07, 2020 0
 Feb 08, 2020 0
 Feb 09, 2020 0
 Feb 10, 2020 0
 Feb 11, 2020 0
 Feb 12, 2020 0
 Feb 13, 2020 0
 Feb 14, 2020 0
 Feb 15, 2020 0
 Feb 16, 2020 0
 Feb 17, 2020 0
 Feb 18, 2020 0
 Feb 19, 2020 0
 Feb 20, 2020 0
 Feb 21, 2020 0
 Feb 22, 2020 0
 Feb 23, 2020 0
 Feb 24, 2020 0
 Feb 25, 2020 1
 Feb 26, 2020 0
 Feb 27, 2020 7
 Feb 28, 2020 0
 Feb 29, 2020 10
 Mar 01, 2020 9
 Mar 02, 2020 15
 Mar 03, 2020 14
 Mar 04, 2020 34
 Mar 05, 2020 24
 Mar 06, 2020 100
 Mar 07, 2020 54
 Mar 08, 2020 69
 Mar 09, 2020 37
 Mar 10, 2020 117
 Mar 11, 2020 161
 Mar 12, 2020 0
 Mar 13, 2020 487
 Mar 14, 2020 220
 Mar 15, 2020 841
 Mar 16, 2020 0
 Mar 17, 2020 500
 Mar 18, 2020 328
 Mar 19, 2020 1,047
 Mar 20, 2020 1,219
 Mar 21, 2020 1,281
 Mar 22, 2020 899
 Mar 23, 2020 1,321
 Mar 24, 2020 1,082
 Mar 25, 2020 1,020
 Mar 26, 2020 914
 Mar 27, 2020 1,117
 Mar 28, 2020 1,148
 Mar 29, 2020 753
 Mar 30, 2020 1,093
 Mar 31, 2020 683
 Apr 01, 2020 1,163
 Apr 02, 2020 1,059
 Apr 03, 2020 779
 Apr 04, 2020 899
 Apr 05, 2020 595
 Apr 06, 2020 557
 Apr 07, 2020 596
 Apr 08, 2020 1,027
 Apr 09, 2020 771
 Apr 10, 2020 500
 Apr 11, 2020 556
 Apr 12, 2020 308
 Apr 13, 2020 273
 Apr 14, 2020 248
 Apr 15, 2020 400
 Apr 16, 2020 396
 Apr 17, 2020 346
 Apr 18, 2020 326
 Apr 19, 2020 336
 Apr 20, 2020 204
 Apr 21, 2020 119
 Apr 22, 2020 205
 Apr 23, 2020 228
 Apr 24, 2020 181
 Apr 25, 2020 217
 Apr 26, 2020 167
 Apr 27, 2020 103
 Apr 28, 2020 100
 Apr 29, 2020 143
 Apr 30, 2020 179
 May 01, 2020 119
 May 02, 2020 112
 May 03, 2020 88
 May 04, 2020 76
 May 05, 2020 28
 May 06, 2020 51
 May 07, 2020 66
 May 08, 2020 81
 May 09, 2020 44
 May 10, 2020 54
 May 11, 2020 39
 May 12, 2020 36
 May 13, 2020 33
 May 14, 2020 50
 May 15, 2020 51
 May 16, 2020 58
 May 17, 2020 15
