Jan 22, 2020 0
Jan 23, 2020 0
Jan 24, 2020 0
Jan 25, 2020 0
Jan 26, 2020 0
Jan 27, 2020 0
Jan 28, 2020 0
Jan 29, 2020 0
Jan 30, 2020 0
Jan 31, 2020 2
Feb 01, 2020 0
Feb 02, 2020 0
Feb 03, 2020 0
Feb 04, 2020 0
Feb 05, 2020 0
Feb 06, 2020 0
Feb 07, 2020 1
Feb 08, 2020 0
Feb 09, 2020 0
Feb 10, 2020 5
Feb 11, 2020 0
Feb 12, 2020 1
Feb 13, 2020 0
Feb 14, 2020 0
Feb 15, 2020 0
Feb 16, 2020 0
Feb 17, 2020 0
Feb 18, 2020 0
Feb 19, 2020 0
Feb 20, 2020 0
Feb 21, 2020 0
Feb 22, 2020 0
Feb 23, 2020 0
Feb 24, 2020 4
Feb 25, 2020 0
Feb 26, 2020 0
Feb 27, 2020 2
Feb 28, 2020 5
Feb 29, 2020 3
Mar 01, 2020 13
Mar 02, 2020 4
Mar 03, 2020 11
Mar 04, 2020 35
Mar 05, 2020 30
Mar 06, 2020 48
Mar 07, 2020 43
Mar 08, 2020 67
Mar 09, 2020 48
Mar 10, 2020 62
Mar 11, 2020 75
Mar 12, 2020 0
Mar 13, 2020 343
Mar 14, 2020 342
Mar 15, 2020 1
Mar 16, 2020 406
Mar 17, 2020 409
Mar 18, 2020 682
Mar 19, 2020 74
Mar 20, 2020 1,298
Mar 21, 2020 1,053
Mar 22, 2020 678
Mar 23, 2020 981
Mar 24, 2020 1,438
Mar 25, 2020 1,476
Mar 26, 2020 2,172
Mar 27, 2020 2,933
Mar 28, 2020 2,567
Mar 29, 2020 2,468
Mar 30, 2020 2,673
Mar 31, 2020 3,028
Apr 01, 2020 4,384
Apr 02, 2020 4,308
Apr 03, 2020 4,516
Apr 04, 2020 3,788
Apr 05, 2020 5,959
Apr 06, 2020 3,843
Apr 07, 2020 3,670
Apr 08, 2020 5,525
Apr 09, 2020 4,398
Apr 10, 2020 8,733
Apr 11, 2020 5,269
Apr 12, 2020 5,332
Apr 13, 2020 4,364
Apr 14, 2020 5,275
Apr 15, 2020 4,638
Apr 16, 2020 4,662
Apr 17, 2020 5,624
Apr 18, 2020 5,545
Apr 19, 2020 5,858
Apr 20, 2020 4,684
Apr 21, 2020 4,316
Apr 22, 2020 4,466
Apr 23, 2020 4,608
Apr 24, 2020 5,394
Apr 25, 2020 4,929
Apr 26, 2020 4,468
Apr 27, 2020 4,311
Apr 28, 2020 4,002
Apr 29, 2020 4,091
Apr 30, 2020 6,040
May 01, 2020 6,204
May 02, 2020 4,815
May 03, 2020 4,342
May 04, 2020 3,990
May 05, 2020 4,411
May 06, 2020 6,116
May 07, 2020 5,618
May 08, 2020 4,652
May 09, 2020 3,896
May 10, 2020 3,924
May 11, 2020 3,883
May 12, 2020 3,409
May 13, 2020 3,244
May 14, 2020 3,455
May 15, 2020 3,564
May 16, 2020 3,457
May 17, 2020 3,534
