 Jan 22, 2020 0
 Jan 23, 2020 0
 Jan 24, 2020 1
 Jan 25, 2020 0
 Jan 26, 2020 3
 Jan 27, 2020 0
 Jan 28, 2020 0
 Jan 29, 2020 0
 Jan 30, 2020 0
 Jan 31, 2020 2
 Feb 01, 2020 1
 Feb 02, 2020 0
 Feb 03, 2020 3
 Feb 04, 2020 0
 Feb 05, 2020 0
 Feb 06, 2020 0
 Feb 07, 2020 0
 Feb 08, 2020 0
 Feb 09, 2020 0
 Feb 10, 2020 0
 Feb 11, 2020 1
 Feb 12, 2020 0
 Feb 13, 2020 1
 Feb 14, 2020 0
 Feb 15, 2020 0
 Feb 16, 2020 0
 Feb 17, 2020 0
 Feb 18, 2020 0
 Feb 19, 2020 0
 Feb 20, 2020 0
 Feb 21, 2020 2
 Feb 22, 2020 0
 Feb 23, 2020 0
 Feb 24, 2020 0
 Feb 25, 2020 0
 Feb 26, 2020 0
 Feb 27, 2020 1
 Feb 28, 2020 0
 Feb 29, 2020 8
 Mar 01, 2020 6
 Mar 02, 2020 23
 Mar 03, 2020 20
 Mar 04, 2020 31
 Mar 05, 2020 68
 Mar 06, 2020 45
 Mar 07, 2020 119
 Mar 08, 2020 114
 Mar 09, 2020 64
 Mar 10, 2020 194
 Mar 11, 2020 398
 Mar 12, 2020 458
 Mar 13, 2020 590
 Mar 14, 2020 710
 Mar 15, 2020 116
 Mar 16, 2020 1,389
 Mar 17, 2020 1,789
 Mar 18, 2020 2,777
 Mar 19, 2020 5,221
 Mar 20, 2020 5,309
 Mar 21, 2020 6,322
 Mar 22, 2020 7,909
 Mar 23, 2020 10,031
 Mar 24, 2020 10,073
 Mar 25, 2020 12,042
 Mar 26, 2020 18,058
 Mar 27, 2020 17,821
 Mar 28, 2020 19,808
 Mar 29, 2020 19,444
 Mar 30, 2020 20,922
 Mar 31, 2020 26,341
 Apr 01, 2020 25,070
 Apr 02, 2020 30,380
 Apr 03, 2020 31,745
 Apr 04, 2020 33,283
 Apr 05, 2020 28,152
 Apr 06, 2020 29,515
 Apr 07, 2020 30,804
 Apr 08, 2020 31,533
 Apr 09, 2020 34,126
 Apr 10, 2020 33,755
 Apr 11, 2020 29,881
 Apr 12, 2020 28,917
 Apr 13, 2020 25,306
 Apr 14, 2020 27,114
 Apr 15, 2020 28,680
 Apr 16, 2020 31,242
 Apr 17, 2020 32,114
 Apr 18, 2020 28,253
 Apr 19, 2020 26,417
 Apr 20, 2020 25,306
 Apr 21, 2020 27,348
 Apr 22, 2020 28,173
 Apr 23, 2020 34,020
 Apr 24, 2020 36,328
 Apr 25, 2020 32,796
 Apr 26, 2020 27,631
 Apr 27, 2020 22,446
 Apr 28, 2020 24,385
 Apr 29, 2020 27,327
 Apr 30, 2020 29,515
 May 01, 2020 34,037
 May 02, 2020 29,081
 May 03, 2020 25,501
 May 04, 2020 22,335
 May 05, 2020 23,977
 May 06, 2020 24,984
 May 07, 2020 27,692
 May 08, 2020 26,906
 May 09, 2020 25,621
 May 10, 2020 19,761
 May 11, 2020 18,622
 May 12, 2020 21,693
 May 13, 2020 20,832
 May 14, 2020 27,369
 May 15, 2020 25,050
 May 16, 2020 24,996
 May 17, 2020 18,980
